25
37
39
40
43
44
45
46
61
66
67
69
70
71
121
123
149
159
175
176
189
190
191
203
204
205
206
218
220
227
251
269
290
305
324
351
353
366
370
371
393
399
400
413
427
437
438
450
456
457
461
464
473
478
488
490
495
509
514
552
555
591
598
604
606
644
646
666
667
668
670
675
680
681
692
698
699
703
715
741
759
769
770
777
812
813
828
832
837
856
857
863
864
873
881
883
886
887
891
892
893
948
968
972
994
995
1005
1015
1075
1087
1090
1100
1106
1107
1115
1122
1124
1125
1128
1139
1146
1149
1151
1170
1171
1172
1176
1209
1216
1218
1230
1238
1239
1241
1244
1257
1267
1277
1281
1282
1283
1285
1286
1311
1360
1362
1364
1387
1400
1405
1406
1410
1415
1416
1424
1425
1442
1443
1444
1446
1452
1454
1483
1514
1516
1517
1532
1558
1560
1564
1617
1618
1619
1642
1651
1665
1666
1676
1691
1738
1758
1763
1765
1766
1767
1776
1793
1823
1845
1846
1847
1880
1883
1884
1887
1899
1910
1945
1946
1968
2015
2017
2022
2031
2036
2039
2092
2097
2120
2144
2145
2159
2200
2265
2338
2410
2427
2440
2441
2442
2446
2454
2455
2456
2457
2470
2472
2498
2500
2506
2527
2556
2558
2566
2587
2589
2590
2617
2619
2635
2641
2643
2647
2649
2650
2651
2714
2754
2755
2756
2764
2765
2767
2774
2775
2776
2777
2778
2780
2781
2803
2818
2819
2820
2821
2828
2853
2854
2855
2861
2881
2887
2903
2909
2910
2911
2926
2937
2944
2950
2958
2978
2979
2985
2994
2996
3036
3038
3046
3058
3061
3068
3071
3073
3090
3092
3094
3098
3129
3136
3137
3138
3187
3214
3215
3222
3224
3227
3249
3260
3267
3281
3308
3309
3341
3357
3369
3371
3382
3402
3406
3410
3411
3412
3413
3414
3415
3417
3422
3429
3432
3435
3442
3492
3494
3496
3504
