179170
179240
138938
138946
19298
73312
85808
168768
207365
207399
207401
508907
548888
678700
710027
752828
903529
958711
1071659
1096599
1197807
1197808
1303948
1407295
1407310
1529488
1930141
1930158
1960953
2020808
2020812
2163016
2163019
2163040
58118
58213
132111
83177
103035
103041
187334
252388
411144
567416
567477
598395
696463
1072309
1072311
1072385
1213789
1213791
1271300
1271304
1277694
1277702
1277724
1278684
1278686
1280736
1280737
1280738
1282781
1286904
1286909
1286921
1286941
1302165
1344932
1477391
1484750
1484777
1485881
1670355
2115080
2115150
2170553
2211734
2603484
2603491
2605798
2665855
218255
282888
308021
483646
483647
483654
483673
634466
655157
655202
658260
658353
776024
783190
1167590
1337566
1388112
1388126
1665575
1706042
1706051
1706069
1706125
1720450
1723167
1723211
1761253
1848857
1848869
1941725
1987294
1987295
1987298
2088076
2088162
2167023
2218510
2226082
2226086
2502031
2502963
2597472
2645580
2846142
2938790
2938800
2938822
2942232
2976774
3052790
3256537
3256538
3293369
3297371
3463455
3605093
3605096
3605097
3641335
3705036
3705041
3736958
3736970
4017957
4017983
4272529
46690
46694
291921
291948
291952
292111
390385
424291
424301
424319
451868
451869
451870
451884
451896
771902
82785
31368
44218
366437
272351
303344
349008
349033
353801
513376
540805
594475
605966
605969
677157
677190
677192
746690
821316
821413
1031368
1263958
1347119
80414
80479
80516
103139
185592
474485
593295
621684
638770
638844
678409
855886
889369
1087284
1211583
48079
72776
192056
231616
231621
356975
455353
767369
214587
526995
527787
527801
527807
533348
547327
547355
547391
547394
655544
712935
784904
847653
847794
847814
858340
858397
303275
303361
303369
454370
454379
454380
641186
720039
100982
297727
297730
316417
244086
244123
244130
317010
317023
78454
153723
235025
403378
645422
736107
736150
736153
736180
736183
736203
743444
743446
753300
767235
777496
777498
901108
1326581
1412757
2026
127519
379906
30824
39288
79000
232849
265819
304557
615985
235582
81268
280981
302905
403234
403302
497275
181693
181695
181718
181731
181805
446672
491142
153118
153189
2979
180425
228165
264137
274845
622703
659277
789585
789600
789668
789670
789693
1022510
1097502
1100466
1134705
1134713
1134721
1149564
1162608
1162612
1215296
151366
390899
241513
183000
218697
218767
337672
744986
744987
833885
997079
997093
1049090
1066306
1066311
1066368
1083198
1083259
1153152
1161733
1161877
1248821
1355689
1420385
1420386
1463998
1723058
1920346
1920357
1949198
2003934
2003954
2038442
2144765
2157791
2179759
2179767
2179768
2199131
2199139
2199148
2199150
2569012
2569075
2569077
2665140
2730198
2730202
2838435
2915753
3022996
3060356
3315642
3315659
3411781
3534666
3647078
90461
90552
101695
167845
319198
440586
514605
514611
514678
572351
741906
741943
783980
804196
979911
1116944
25986
26002
176758
176759
552556
552568
770879
780692
780712
780773
806117
904495
1008640
1008758
38432
38497
334277
334287
70034
151391
366586
366603
379608
675860
856733
856806
856821
933202
1005674
1023512
1023518
126663
313950
314035
419951
622874
715760
809473
852604
908568
938295
955268
955358
1053575
1171847
1171922
1171936
1256959
1256966
1257029
1257031
420804
441882
584490
171922
120970
120998
121000
121008
121023
588458
598285
605942
671456
733554
733560
733656
734667
777625
777745
782252
845071
845076
845132
924387
1006342
1256259
1256278
1294136
1470046
324
81205
81243
81266
90529
93357
93359
93437
156565
179052
179054
241292
245620
273872
273942
270391
292461
337413
347527
350883
350901
569804
767285
150281
85962
33969
73526
247644
24144
194786
337197
337272
368962
470954
551187
748592
1003340
1119172
1267859
1267865
1269412
1476393
1513189
1545436
1616819
74937
74947
109349
68926
205528
220813
220824
220891
47264
47274
201475
555405
555418
555450
555468
555485
555548
674444
1226572
1320848
1360041
1434991
1558770
1558816
1691091
1762465
1762470
1762471
1762472
1805977
1817732
1817733
1906723
96813
25503
169200
169204
169206
276988
276992
307310
388348
494609
494615
494638
494640
640078
640095
822116
868199
868226
871237
871260
871285
871292
942919
942946
943026
948857
948944
982485
1177202
1200948
1200949
1578407
1778887
1778894
1932430
1932482
2017413
2017427
2224883
2260086
2268818
2268825
36239
26907
26943
26153
47333
47336
80366
80375
80392
80393
80394
80412
123156
123167
123168
264771
30500
230800
244947
244959
93440
157612
157625
303500
451928
709620
764200
932110
1025933
1026033
1175100
1225728
1563432
1563434
1883330
1883420
266093
266096
267523
346419
346444
608389
873854
1086947
1086965
1099639
1099720
1099721
1226389
1357968
130553
166668
230434
291746
329199
329215
354881
354925
464236
464237
946174
1340918
1340942
1502441
1675492
1792208
1803114
2083231
2154122
2360013
2393544
2641650
2695395
2812960
2812969
2813059
2833115
2905779
3068426
3068454
3115021
3328729
3342585
3356049
3356058
3356059
3470231
3526190
3526330
3526342
3526410
96132
294516
294524
294556
294566
315628
315654
315664
315741
594679
597635
607430
645950
674465
61354
149201
437582
459591
495551
552918
621056
621148
96836
364606
438659
469248
544455
544528
544539
656343
656344
806800
948308
986134
986136
989782
989879
999593
203530
203602
203631
251320
251400
263801
327141
333561
348188
417083
417087
440605
505949
538582
538586
581376
581377
581393
581464
581467
586708
678784
711132
711193
711195
711212
800247
800254
800256
927944
934065
934122
1066043
1154915
1176687
1176730
1257505
1424279
82451
165134
112421
112423
112429
112489
137991
240728
338936
354122
483149
505857
505954
505955
987826
1300907
1348319
1359074
1689649
1934464
215244
223895
223971
257252
265667
265669
265743
333128
364061
558184
613038
199898
356290
357388
532789
778678
778680
994234
1028846
1028849
1028903
1035999
1036062
1036064
1302029
1319084
1319093
113671
296495
302092
309832
309888
378908
469824
641051
641056
641067
676759
676833
763445
1020398
1023453
1058940
1164493
1164501
1164511
39229
39242
44950
216376
216442
417277
484812
524446
524459
524465
524564
571339
675346
844037
931537
1144634
1199183
1305829
1305846
1404204
1405909
1406099
1486299
1608557
1608772
1637044
1637118
1651858
1651860
2066408
83264
83315
25148
364908
178785
254277
254344
574079
574091
595110
776332
793220
804420
804496
804508
804514
852063
901549
901569
111576
111595
243733
9198
9199
36329
36339
127201
252996
253224
338739
338740
148180
436116
602536
602630
757205
932426
932427
981405
1197794
1197827
1232094
1232107
209820
209824
343752
2699
263952
263953
374018
408151
408176
408238
475801
475838
475895
475906
599079
790087
790149
919808
1162004
1162009
1328545
1485454
315094
82134
82311
82312
225853
345703
388335
509977
510007
721766
171763
270522
270549
270619
156443
156525
156529
367302
367378
707217
707283
708946
708969
709027
709044
775408
878024
1061197
1062415
1062418
1079296
1079331
1079405
1079507
93877
130957
269402
359094
359112
359114
101403
101424
101500
10278
149841
250724
302514
340443
340444
525194
70612
143693
230699
230715
622000
8892
121624
158917
189606
262293
262294
262298
268345
312386
440489
525711
525753
525755
525762
525763
593632
748317
748400
748409
767612
767627
767629
850195
850209
870951
870959
870968
1293139
1459956
1524419
251778
251788
251805
324859
324865
324881
324883
324936
324949
351371
565411
565432
613685
789209
975645
1015269
1015295
572740
572741
572764
572835
713373
713453
713454
108164
114587
434020
749567
749568
765814
806892
944118
945126
1228110
1228128
1535037
1736644
1767110
1804893
1804905
1804916
2240267
2507067
2507115
2550881
2667304
2667306
2667332
2774480
2789163
2789164
2801430
40290
40313
80624
80754
337546
111529
115742
23816
111409
112451
203269
219083
288121
319386
322964
323013
555299
658503
700687
706908
772138
876952
986967
986975
986991
986992
986994
1180370
1300753
1300756
1456704
1456716
1456717
1536022
1674528
52201
329353
329367
3986
142032
142113
142197
225575
225658
225667
381805
481252
530946
540721
88791
88807
547512
694560
694602
24779
24780
24797
107852
107854
107857
206392
210160
210249
227634
227641
227695
228805
350205
437016
437759
466470
520952
520954
633824
640220
699998
757390
1068394
1295223
1360032
1360041
1390475
1393167
34939
34941
34942
110482
247272
247345
316974
395593
507610
507673
507688
210951
210960
280254
389715
573452
573454
573458
573534
826421
922943
1125856
1147200
1255983
1255988
1323012
1610383
1734366
439774
613413
613482
613488
701474
701493
743705
988302
1010380
1010385
1010389
1015237
1069505
1077764
1077769
1088601
1089621
1095468
1095470
1095472
1095500
1694781
1939665
1978985
1979175
1979190
1979216
1992040
2124844
191755
236816
236826
265207
463028
793003
793004
1043072
1043075
1043078
1043081
1268629
1459400
1459402
1459421
1459498
1459521
123047
39131
39141
499904
556707
556783
580334
580391
580450
621183
773794
776991
777033
868962
868986
1092669
1123333
1123396
1174963
44925
52146
485176
559137
104797
104821
104872
104873
389750
35338
36156
164901
205337
236550
337776
337777
119239
362113
399122
425798
425799
426006
426009
426011
611749
658546
714815
864297
1084827
1090247
1151510
1160222
1172642
1184869
1184918
1184941
1184947
1536918
1536929
125322
132151
132160
132236
675849
751798
766585
937285
1006651
1006665
1138329
1138407
1256247
23237
113248
113321
234039
234066
234069
234744
303788
340207
474427
476747
476749
476751
504519
528690
554535
554536
554616
915913
915914
78897
264362
264377
264399
264434
278654
278673
278689
280600
280705
348599
348621
348626
843045
986830
986833
1094026
1139019
1180875
1207149
1207220
1317748
1326615
1326660
1345757
1345766
1404346
1511981
1511990
1511991
1511996
1580103
1582617
1619023
1619035
1619116
1751493
1771426
1771429
1986730
2009868
2221632
2386694
2399357
2467896
2521118
2723161
2723162
2759202
2770828
2800395
2800458
2800474
3092762
3092802
3441539
3482641
3482713
3482723
3506509
3506513
3506557
3506560
3506660
3506692
3506759
3506761
4155804
11521
11522
362069
378630
62181
62184
156703
140611
180126
321207
331593
445566
788003
818899
914661
1305417
1347080
1347081
1476727
1592088
1593020
1824829
1915528
2193454
2193457
2193470
2415273
88671
95641
123950
130050
150246
236970
256906
472655
514066
569776
570931
698006
751632
751633
27635
27636
63699
63729
233235
328085
334295
335397
280109
356770
796075
258800
260185
297754
297859
617642
247134
247227
374663
261818
273667
76055
248646
248653
262164
369974
369975
369979
370030
432496
72907
72910
72955
72966
216194
258973
270464
270537
308845
29041
154585
348721
95524
95563
95571
185283
228946
255513
332945
506411
614875
615098
615104
630386
630403
739444
1024866
1031734
1031793
1031794
1107619
1107625
236019
342575
482381
482397
537803
537805
592321
592339
592372
606930
684759
687704
687746
720209
144167
284128
296883
296932
622033
850248
864211
864230
886976
1035615
1035634
1035716
1095508
1249101
4207
363942
363944
81157
10205
25052
32147
111105
185437
185451
325902
402905
402958
417030
623665
623674
623763
666852
666891
145670
145671
174505
174540
477624
485709
17183
22542
22589
37436
37502
75290
75350
95641
162201
162214
162215
162231
162337
246996
247091
353851
391577
391588
461662
679442
773940
1001091
1061103
1061145
1062809
1362811
1362889
1362915
1481455
1481463
1576785
1576814
1606140
1747229
2095050
2095051
2423261
2459499
2459514
2496512
2515206
2612308
2612320
2612321
2665202
2701796
2701812
61532
61592
79095
129815
191460
191545
41358
294120
448892
512556
512569
512590
512591
530285
530356
535137
535204
710627
783677
818009
932290
971118
971119
12252
126380
169181
174755
182887
250688
250689
250691
313943
348636
366249
377081
532376
564476
564479
564552
564561
564565
879342
879355
879363
879432
102590
227203
227204
109947
160380
191183
221942
502241
502250
579138
579140
671135
122418
195063
195080
233997
233998
310434
442142
446246
446264
735559
54059
96672
177866
247049
247053
247054
247087
346793
358868
446342
452346
452362
671012
692790
725112
725115
284231
406118
539331
633713
633716
719024
719046
840628
1062306
1062387
1069924
1183661
1291707
1475583
1572708
2375210
2544317
2544323
2544329
2544342
2577826
2699123
2699140
48286
48289
75977
208431
208434
226533
415822
505675
509749
592391
708485
708580
724439
804314
35810
230535
110041
123908
123917
123922
430022
17683
85541
178853
191553
357251
357256
188088
58847
142307
142375
142394
301924
376248
407701
418934
418964
521778
660535
672771
232738
429958
16186
16198
16219
66125
83632
181732
181775
391022
545382
545437
1196799
1236762
1284853
1284856
216247
529400
578155
578156
680191
253960
253961
254048
392389
413795
450964
353125
353142
65812
67644
102430
102437
102456
211345
211459
347971
585407
671608
671682
671683
673105
928924
993336
1151177
1151184
1287511
1460965
1460970
1533904
2633
2699
143137
143146
143158
143208
143233
121991
175888
175923
180245
180251
640367
689936
689951
703363
710768
1010449
71063
298663
443431
116701
132820
262855
294660
694372
694385
694409
694419
694420
299798
455422
455423
36275
47645
47647
47648
126757
223933
312770
312772
312773
410901
531491
680867
680868
680870
680876
680882
680888
680902
685309
956326
1042623
1042687
1042711
1146075
1146112
170320
216384
216395
230785
116635
266842
495429
584070
585383
585389
585398
585402
674886
674889
674894
943376
1035278
1050536
1050540
1212530
1212547
1212610
1288419
1300345
1300349
1383341
1387149
1387200
15767
25372
71379
71380
174371
200841
200849
201013
438150
438162
473584
387276
387280
437331
73282
74722
15502
15512
15517
15518
15608
100675
100749
127382
160199
192346
192347
257116
377180
377181
576189
747454
747472
918300
1156336
1171186
1194395
1218910
1278852
1278854
26013
159234
159243
98755
94624
124931
139093
431373
431441
438574
476198
476223
571330
571333
571336
437865
469170
469184
490271
521347
670407
670493
852740
852747
877621
152895
193508
193517
11419
290789
354125
370161
487270
487273
487277
577989
883489
883517
981540
1300543
1347869
1433075
1507311
1521597
1521599
1547242
1551571
1551642
1551643
1551649
1551667
1553134
1816178
1825704
1905076
2366166
2369442
2450047
2450048
2514048
2514059
2514130
2556504
2808431
3025774
3184210
3408185
3547029
3573748
3573749
3573754
3711319
3711402
3711409
3881667
3884174
3884252
3884272
3884296
3951004
3998755
4035911
4490137
4491313
4637701
4729202
4729263
4729279
4729282
4729283
4770738
132812
187568
200049
200177
231941
494611
778717
859920
909680
1567244
1831123
1918755
1967714
235994
345347
345354
364125
428585
461901
461904
461935
481825
520584
569653
604927
604928
604993
605028
605035
698507
902302
979258
1043125
1165575
1165596
1165650
1165671
1293961
1352511
1460466
1460483
1482279
1569305
37137
355382
362780
457967
457969
459846
459854
459859
459907
727388
802576
881025
1127130
1348663
1424531
1538828
1538829
58594
194948
194951
293565
661738
661747
877622
1069209
1069210
137409
178511
184830
267413
281721
281724
281725
281748
281758
281807
281823
51104
51116
154125
240376
240440
240442
254112
378714
882756
882820
1133041
1535039
1625853
1694207
1789949
1790010
1925441
1978890
1978893
1978976
1978982
1984115
1997170
1997172
1997176
2230319
2230394
2230400
2230403
2322095
2322299
210037
210043
216106
216109
335007
335008
335098
418872
447072
112262
3765
3767
28221
42303
250889
250939
278366
278372
278374
464247
464486
762383
764536
764614
992347
992350
992388
1006917
1053077
56082
219210
333570
333594
333598
333670
530965
127973
106873
106928
272681
68261
68262
469822
469830
469832
594492
594519
647767
710381
777623
787774
1032104
1106284
238307
238389
238409
238411
310880
415554
505673
520468
698305
698349
781978
587495
902738
902812
924435
924457
938145
1049865
1049942
1243960
1243997
1244042
1244073
1244084
1244088
1343717
1609739
1617888
1617889
1666399
1666415
1666426
167910
167918
355567
355633
355634
360762
445913
481810
481818
481857
481867
481878
503427
503490
575351
614692
614698
674860
674894
674907
674909
674977
772596
60882
173076
173078
201135
366400
366506
211536
488012
1126612
6972
263393
269674
487102
712377
712481
778729
778793
778812
809396
809417
830786
830824
1227005
1227008
1227088
1246575
1246655
56534
56567
81303
81305
109721
156279
156326
379487
414654
550763
550764
688373
742828
742831
742835
826475
826492
908711
19482
424048
726263
739145
739168
739176
823390
974564
1082668
1087240
1129344
1129345
1237002
1237020
1238535
1266314
1266377
1300106
1464545
1473882
1473952
1496315
1788457
1788518
1921758
1940997
1989372
2040634
2234785
2322261
2485657
2540686
2540687
55276
55339
55373
59600
61495
130872
215760
215857
205966
303581
303672
512612
895254
4350
4357
4430
4450
7086
7147
7158
88384
92363
359636
359652
59030
59032
59041
59050
59052
59263
77042
152
79763
96150
54338
57509
433581
433596
433631
90767
90770
90851
90856
90869
90942
90963
90972
194367
194432
213892
213898
213933
213934
213947
236810
344485
344486
420961
466648
466649
494824
494825
676517
676523
750698
889845
889849
987215
1327787
1483598
1517959
1532438
1691086
157197
157244
192816
316363
478465
495853
495872
495875
495928
527616
527645
527702
116206
821322
861467
861478
861479
1006018
1006100
1050682
1097449
1097450
1266539
1266540
1327098
1327185
1476258
1545804
1577224
1577251
1577295
1668577
1668587
1700664
1701232
1722364
2071763
2071795
2135845
122033
101698
101702
274151
274199
547580
547594
550120
550135
566801
903779
991569
49497
58706
129017
129204
212448
461665
554576
769602
769624
769626
769699
1291280
1620711
1932621
1932682
1932695
1932700
1932702
1950189
1975973
1975992
2023573
2078141
129760
129761
139559
366766
423129
434807
456282
585424
585428
585437
603667
651230
779436
840404
890963
891037
891054
891056
964461
1024225
1279738
1279763
1314330
1314336
1383969
1395032
1395036
1395101
1395221
1395229
1485023
1485024
1485029
1485032
3453
316524
450395
4456
49890
188379
195947
196039
196120
412001
412003
412005
412008
466954
604533
661419
698428
698432
201226
279009
430223
506003
506014
534247
534249
723332
778602
778684
802131
1107644
1107655
1371089
1371112
1430031
1512364
1512382
1521515
1521517
1791135
1791314
1791370
1791393
31081
31099
31120
674936
783511
951434
979029
1297938
1321250
1322507
1597308
1623914
1901637
2102465
2366118
2421312
2483217
2542895
2576781
2576824
2576834
2980109
2980138
98753
98781
98787
98859
98884
98907
297998
302822
302837
538938
538941
105012
289331
90588
90589
134744
137598
141447
225866
94653
199917
204856
295971
295988
296014
304879
305096
117830
224164
231504
231523
205122
205128
210699
177925
181242
221472
245330
533560
596
599
347856
536043
538082
64341
161799
176950
177031
193553
193600
221706
221713
235869
243306
322388
335474
335486
335549
335552
441424
441425
13463
13467
13470
13521
375665
375668
393781
393873
652885
652919
656261
839074
14784
14786
83067
83117
83118
64557
64564
64652
180871
199503
288241
335491
335501
387690
20879
29551
279292
127147
150080
150101
20703
216402
275007
275018
275021
276484
130454
256671
261301
268162
268231
395305
406572
406582
524595
679140
824186
46605
46616
46646
46654
46709
84169
84180
84193
102816
195341
606305
643991
643992
679965
939167
939169
1544462
1544466
1688342
94703
94708
94713
167033
167034
167043
352281
416729
416734
441790
441792
297789
297807
297810
360043
360076
419315
419318
454302
569170
569220
569223
569224
790821
807457
807461
835800
1042254
1042261
1042267
1042275
1053118
1098315
1098334
1311678
1458712
1704669
1723860
1734550
1745905
1747965
1940755
1940796
1940797
1980163
2151148
2193670
2193715
2313392
2313425
2340555
2343832
2343833
2343838
2739259
2739340
2743666
2760208
2762771
258806
481701
481821
549962
589020
589028
689351
783608
783610
783635
783637
783656
783685
892914
892916
1063687
1354720
1354789
1404969
1693721
1822971
1856483
202531
280035
280038
280071
280135
286902
286969
286974
375779
468894
470970
478092
520269
520330
521483
554550
3852
16923
199007
359546
416208
489572
547658
928601
938362
1020302
1020381
1020388
1020390
1025600
1025627
1025628
1025633
1050723
1142706
1142848
1142856
1142881
1592851
1680939
109848
218216
405485
465884
476661
63428
67665
119601
120542
120549
120557
163182
208449
736110
736118
893490
97137
5678
23970
38664
42392
44218
44282
44290
53214
53314
66910
67020
590771
612205
612225
612303
676846
852644
1016314
1016391
1208028
1458652
1458673
1458675
1506835
1506841
1522573
1539093
208833
208841
208868
30272
185322
188898
322484
550165
700805
800869
832405
836123
836125
921490
1010510
1031789
1075452
1246328
1446435
1446448
1828676
2050560
2216731
2321256
2476449
5454
5538
84959
84979
225082
225087
225100
274847
364416
364436
364447
364499
364503
295464
585621
585655
650498
702289
853450
897850
913631
51379
48041
310893
323281
326328
74626
74715
190129
217928
258698
258744
355082
487204
324338
363451
363466
500759
500977
601996
603173
792917
792921
48169
48477
132540
132552
908108
908201
81944
232452
47172
30275
86886
74658
230070
404976
404986
60626
134773
364759
6833
8991
16482
248889
385161
89093
254691
268429
419841
457463
143054
143060
143070
143076
143085
265521
265534
265541
280187
280202
781101
783545
30156
83614
193199
202740
2957
334975
334992
470908
470909
470932
470990
470992
470999
647852
1007871
1055701
1055794
1133643
1133644
1447272
1487047
1487048
101676
101681
144198
144225
196628
649252
649258
649273
54942
61497
4140
4155
4156
6661
6662
86642
86675
455604
455615
455617
664839
883210
922184
933544
933546
943114
46432
46500
189389
189393
189408
189409
189429
224364
571763
660107
693613
693617
708583
777796
813224
856362
966036
1161376
1195260
1195335
1195337
1336822
1338114
1338115
1338116
1454699
1454710
1467368
1499445
1568633
1751802
97371
132339
142775
159680
179781
179894
179898
288220
294892
294895
444383
444388
444420
489106
541642
541659
541661
722876
804473
982056
1232488
1455994
1807982
1807992
1847821
1847826
1847892
1847905
1953308
108313
235759
238725
311416
315155
315157
315160
315162
315238
315253
130326
16040
138173
181249
181325
18173
35995
177604
51189
317617
375950
375951
753167
753285
761171
761172
937915
999063
48022
157336
24557
67370
148306
14800
14893
14936
119901
130387
163145
252622
387172
497609
610892
701169
701179
756153
756954
757964
797867
797873
46002
393436
568281
568290
568368
835754
897451
897553
897571
966862
1043337
1043340
1280894
1417107
1417185
1418799
1438711
1615084
30624
305721
309908
479339
780347
789012
398995
81643
209553
209558
315886
457659
457663
468594
468788
30687
30689
30694
30706
62386
62439
62442
62519
62533
62552
190296
461184
538312
859327
862235
910751
939740
939757
939770
62469
62561
82844
150654
150681
150717
193106
418822
144965
144971
197315
197324
197332
382050
610252
610263
610286
842800
842849
842878
1084720
1084729
1333145
267682
270524
290167
290182
451078
535004
535012
23050
169929
260824
261247
307437
129065
240563
240648
35154
149017
149021
149083
155049
155062
178927
494603
494637
776039
776041
776042
776110
858783
887139
887171
887179
61540
122475
270710
270778
270804
274076
274077
15464
36900
36912
36983
184434
22375
975162
1014091
1033141
1248626
1341872
1341931
1401994
1544013
1617868
1617880
1617887
1660727
1748889
1779520
1779558
1869534
1869537
1869539
1936967
1989191
2043159
2063553
2063554
2063617
115456
115537
145843
191259
193886
196840
196861
215578
215582
215583
215598
215654
215683
454401
161115
165489
165570
178993
197936
252126
252134
252153
252156
271129
350774
373098
558106
2721
2726
2729
494398
494484
502812
525676
525743
525745
525749
526823
250838
345860
440236
605812
1199907
1199912
52796
50665
164622
164623
164625
164694
128419
174760
232728
388963
477758
42626
210347
242402
242470
361388
361393
387799
536295
595470
635994
117455
126138
278096
278118
294103
294153
507223
507304
707647
97803
540636
666638
673202
754955
836165
840994
112442
211727
647707
656201
665990
665996
877889
1022234
1059715
1313861
35706
49676
134457
134530
134536
383760
451965
451969
585539
601273
601401
755842
5853
69547
194589
194619
199456
518911
518914
619125
619185
645771
649649
781678
781721
784498
851465
889543
123646
397136
622765
679485
679486
710830
710835
710911
952939
6416
253002
22903
34574
52149
342362
379903
483776
483785
669660
713663
713665
713717
908623
908706
919168
1062780
1062852
1208942
1208943
1208955
1225719
1253106
1341205
1411202
110761
8869
111644
226085
226158
226174
226178
306054
307106
558292
48433
170960
204424
243635
136646
272263
370823
657833
676475
869867
896117
896133
1050199
1066093
1096941
1329230
1563117
1574990
1574993
1575107
1696287
123836
262366
404270
440277
457033
457048
457059
781701
836092
836100
836110
836216
836273
1039267
1236812
1236872
1255705
1467815
1507030
1543441
1587968
1763439
1830754
39637
336155
340611
46306
74920
80483
173440
47186
47196
47207
47283
106951
106952
176884
176889
306116
306745
308367
310440
520966
673439
673500
51429
51449
237950
259112
343142
421095
615979
649823
650189
689271
730198
1068400
1163871
1163881
1163886
1181470
1474261
1600382
1600387
1606327
2037221
2086534
2104307
2264865
2264900
2264953
2264958
2458411
2498878
233978
69447
687113
958165
958254
1082465
1082466
1083236
1083240
1083296
1167702
1464652
178124
178125
194713
98410
98412
98490
283979
333597
334646
361407
401287
401364
401367
460158
470057
472578
472594
472606
863106
863114
873454
1119324
1119330
1119336
1119392
1119417
1194335
1199114
1270803
1270851
1270853
1270879
1343390
1343395
1427597
132592
154227
548221
108096
155570
155572
189614
556303
556314
651888
797464
826023
889448
889464
1003516
1003535
1323151
1389924
1435918
334419
334868
334920
417740
417741
417775
417830
13813
20448
20464
20488
20492
76160
78489
78491
99509
443577
553144
553222
558776
111552
294613
294681
294693
318027
345995
418352
488387
546396
573042
598208
598212
1093236
1093306
1261720
1424008
1555003
1555072
1948815
1948900
1949631
2096636
2234174
2234178
91245
143425
358251
541377
717006
909056
909120
909124
966560
1040288
1535635
1535637
56785
180732
198885
194117
343881
343882
343886
343891
343922
377863
378900
378902
378922
378941
485557
485621
563732
40686
52181
81247
187066
326605
326617
336762
338707
611053
611100
109923
504979
551257
551259
702941
711198
711203
711265
711284
970794
970810
1105207
1105250
1105251
1105260
266489
371032
371104
371108
398312
398398
398528
246132
439838
504503
568603
675656
706197
837134
837222
848369
959630
995828
995835
1020747
1024020
1258450
1341051
1411211
1449757
1449769
1504879
1590173
1654504
1762713
1762731
1764099
119850
188917
199950
230109
313317
496815
654109
693922
762113
800010
885303
1010871
56
87058
87060
119051
119120
119134
119139
119143
479935
544496
1060044
1106092
1180469
1180545
1180549
1295901
1777791
1864319
1988884
1988890
2027695
2027696
2027727
2124960
2124976
2124979
2279113
2279118
2279119
2299049
2379388
2386021
2506402
2526937
2526943
2526944
2526955
2564261
2564265
2564276
2564277
2564287
2577095
2812887
2812898
2812978
3160589
3611197
3697636
3697753
3743139
3789705
91243
214230
357339
357372
434155
434157
436665
554971
622102
648291
685359
737887
737889
802830
928931
12989
12994
183773
183790
205347
1094126
1099785
1127527
1127531
1127541
1151352
1185085
1185155
1192219
1192247
1201705
1218003
1339167
1820367
1927516
2118816
2386215
2464785
2464809
2617265
2617267
2617268
2617275
2731565
9277
9279
277982
278072
302571
576227
681217
681221
696307
699621
38095
197644
197718
197742
208129
214842
236669
186339
186343
186355
186552
209640
209644
212047
212070
208295
225700
361341
363466
35889
143577
409812
485687
485733
485763
70016
151066
205086
278363
314996
585041
656176
695502
695514
695520
832205
832221
133635
180173
284605
284609
15298
15375
213722
254006
254084
357460
552224
552227
801958
802038
332517
362124
362138
427005
536757
537610
546900
29911
84105
100552
118281
233334
256688
258355
323008
323011
323041
323046
323081
481737
87810
87820
87844
106514
235268
556882
933072
1323159
1426296
29677
83151
349308
407451
870202
870203
1034298
1034332
1034335
29195
29240
29242
29244
130321
133490
172524
172593
172618
78061
122013
204286
204295
333128
12898
22727
22775
22778
22793
22817
186986
186991
351773
386025
386026
386043
386067
108144
200456
200476
700921
150454
157768
157805
297762
297763
297770
308188
384156
808774
808831
868790
898651
1036694
1036716
1042560
1042581
1366093
1375550
1387748
1392397
350627
350632
350705
59777
59813
36937
356543
181914
193776
234689
320448
320465
344974
550323
720204
788752
788778
837716
1230217
1383491
1384878
1384906
1384944
1384953
1384961
1610067
1610083
1761613
1761614
1766049
40780
62591
117739
314969
670903
725692
1029279
1050224
1050237
1070429
1373089
1391938
1409869
1416215
1805279
1805305
1805325
1903470
2041216
2042328
2088519
2088529
2088606
2157702
2314392
2347838
2347839
2388334
2397264
2425908
2425996
2485927
2554307
2554324
2600727
2764589
85591
85600
85603
85609
85686
85692
85693
393858
694379
1278111
1324557
1324572
1324670
1372355
1377493
1381827
1548784
130327
130371
183294
157097
190566
356905
386081
386145
386411
406767
484111
82887
82900
377781
389697
482515
232176
196302
259617
263208
302661
302681
302684
350814
350824
254582
254647
81939
81991
82013
113831
113912
204637
210991
211002
328334
328416
528026
528029
696032
877342
877343
84596
84649
154433
154434
154476
190847
190867
190868
316399
370383
547582
62482
62577
271491
392121
649407
696408
751540
760447
236595
238434
340455
50826
50827
50829
165135
62748
128322
128333
128339
199853
559445
559453
570675
619401
32063
35987
6753
6843
309344
318433
723899
79594
141633
141719
141721
60359
73954
113337
113339
113354
166936
256908
379730
396938
696459
950764
950790
562115
605032
74303
135133
197493
197494
197496
197497
197549
197551
197554
271967
331333
4457
107912
107914
107933
107984
108004
129386
214887
57857
207497
946040
980962
980971
1200997
1202786
1205892
1327617
65957
178326
223987
276379
387368
415489
130839
115001
369228
375960
554150
554161
554172
554945
851245
851259
938343
938345
938410
938411
1024859
9688
102690
102706
122489
122501
131016
131131
144168
189410
246702
365167
408227
524698
524701
524743
550317
641317
765315
838229
1238851
1238854
1238863
1446339
1656406
1671387
1802362
1971526
1987851
2075899
2080904
2080906
2155828
2284569
2552124
74568
81505
22489
24137
122096
205738
342270
342284
342290
589703
168301
207924
66441
74755
74764
74815
507931
508228
509899
529481
529485
661479
678715
678730
678737
687989
687996
687997
773775
1008950
1009049
1049765
1133440
1133442
1235089
1236995
1237011
1349915
1383802
197828
314549
441731
441799
13680
97081
97145
97156
97159
101083
133440
133441
309943
533738
830648
917932
1006945
41609
41611
127231
132001
143681
146625
173588
45899
65153
65216
65223
323268
408658
10493
79852
79855
79923
79935
126272
669134
695043
700024
821474
827196
827241
1104982
33392
136523
136526
136528
136535
403741
403749
413374
413392
413406
413422
65944
91938
322300
407982
453724
616911
886046
897756
897956
897964
898007
1013179
1013192
1200846
1200897
1200898
1200918
1505367
1505421
1505444
1505615
1505616
1883815
1883816
1929198
2084147
2212701
177412
162832
193540
247855
247856
247921
196379
196466
299157
373441
401962
401963
401986
401991
594386
626660
626663
1179036
201078
247638
314201
365642
497967
523530
645156
645173
645229
645241
678443
37406
119649
290142
324765
375328
375376
390643
397707
413688
413711
413747
585901
585977
585978
629241
629310
807447
809318
880924
881013
1134608
53650
340493
718623
785700
838940
932727
963396
1023944
20267
167714
387924
387926
695654
695663
716466
729927
729932
819992
868857
895322
895354
1076454
1118320
1118328
1118467
1278585
1369469
1468149
1468195
1489499
1489510
1778588
1778593
1825672
1873380
2005092
2005142
2210365
2377263
2415593
2630068
2630082
2630085
65527
163041
163121
260858
260861
260948
260951
301317
301326
312287
353723
670197
743500
769303
1017069
1089141
1089143
1171765
1527143
1527252
1531198
1562918
1562919
1621965
1643553
1643560
1643561
1643607
1643633
1677371
1837914
1844977
1968872
1968902
2056738
2056739
2238417
2238429
2238444
2250146
2312881
2312906
2312957
2312978
2417714
2468904
2468921
2468926
2470064
2572277
2572279
2572290
2572292
2705899
2763774
2928511
3066635
3129617
3129620
3328302
3659421
3659423
3659509
3659524
3714729
3957537
3957550
3957639
3957649
3957654
4069028
4069103
4069107
4070253
4102518
4157288
4260430
4285111
139030
4457
316287
23191
23192
421929
421934
531986
544146
565390
700672
772008
802476
845472
845475
845498
1281731
1281773
1312141
1368956
1371172
1407384
1407386
1436518
1532729
1534532
1626728
1770995
1942280
90708
90733
136154
167508
220164
236057
406881
496207
615806
182831
231426
8260
49793
619888
793119
793127
142274
206953
206955
206958
349352
362206
362306
388132
541208
541209
577323
631333
631352
694200
694321
160598
272756
272816
166915
166932
166933
203002
61172
137968
167885
167890
75089
163024
301711
317280
317301
337798
130342
393950
425177
425218
651372
651425
651427
651438
814259
814306
842016
1534923
1571393
1571409
1661881
1717281
1739733
1739812
1739818
1739820
1739847
1799874
1858197
2170109
167455
167482
271393
271468
279729
279768
515039
515042
531455
88491
45310
204772
204785
326386
393075
393088
498528
498624
535854
571322
594787
621716
682997
869977
1001872
1121105
1220472
76931
231916
355948
356071
492321
505149
505155
527609
748943
851868
892622
898683
985858
1033328
1141372
1380065
182474
182476
38888
40223
81309
854954
855036
961463
967387
1010803
1010867
1158559
1158560
1262751
1265287
1453309
1453311
1453315
1531998
1532022
1546629
1572442
183493
184257
184279
201200
264531
282252
416769
695677
822505
882743
1753611
1753679
1799670
1799683
1799687
1799700
1799702
1799704
1799739
1799741
1799773
10409
10413
10452
10542
79116
175034
175577
212307
149067
149078
30476
106093
131341
140939
222358
241262
261553
381405
398287
398302
398304
407374
428207
428312
772940
867158
867185
879938
882666
991295
145588
83492
83514
161499
283042
86699
104852
104934
404183
161306
239470
288548
427544
30657
30658
109815
110007
226041
257205
434007
711766
234399
317087
317099
488635
491364
1087951
1218943
43284
114714
287361
287371
287408
294522
585344
587324
587434
599744
663759
783909
815369
819893
1252227
1254275
337209
456797
588327
1005951
1063381
1063384
1063420
1090299
1159500
1288175
1288265
1352186
1357296
1357301
1721135
1748594
1748600
1748670
1969230
2043157
2043161
2158030
2158074
2158089
2158128
2357344
2357347
2357349
2497662
2497750
2526713
2587649
2593248
2811064
2811065
2811093
2811114
2825133
2825137
2825149
2825152
2827347
2838887
2838888
2840412
3361367
3361450
3496997
403850
483613
546404
546406
555989
644119
989918
1050504
1165602
1305130
1345677
1443090
1443102
1560547
1688876
1688880
1688952
1688971
1688973
1695989
1746971
1804998
1847841
1861133
1890449
2064353
2161403
2227483
2307018
2371437
2382054
2382056
2382078
2641526
2641537
2686477
399162
455243
47869
49766
49768
49791
146187
312960
443280
443303
443304
483624
581886
586368
726720
820245
940928
1159893
1302372
1302385
1302397
1302405
1337755
1337756
1344649
1344650
1738002
137732
249814
401476
401477
401481
20995
21067
21068
21073
112761
112764
138723
138839
122446
122557
239362
292897
292898
292900
458831
544119
550182
550272
568974
69704
69776
267408
236730
258389
258418
258421
258525
267426
365130
365227
381487
565850
565935
583966
695886
695887
804971
987349
1032726
1032744
1032750
19954
20025
161532
161607
206681
206696
253425
253452
253453
358846
201092
252272
395613
395751
395760
395802
395829
395839
113038
205024
17411
17424
81824
317266
576788
11989
11995
54953
12668
597171
597220
708702
708720
708747
728999
729015
729044
1477305
1479846
1857033
2364885
84788
84886
84889
169909
101334
101358
131193
88885
184237
118402
45205
140148
189182
245809
278832
428070
95522
95527
95568
95580
135911
135937
205878
205887
323999
326690
326691
336138
6328
6330
6334
64897
388070
408561
423945
703144
703169
703234
715260
762220
803298
826312
893283
958366
135184
392203
392219
392221
544669
544670
544673
600160
557968
236588
252585
252673
252676
252678
408064
427173
55521
291271
291275
297104
297150
